42423677
42424609
42424805
42424899
42431280
42431281
42433876
42433881
42433889
42433892
42439057
42439059
42442142
42457788
73787300
73787302
247220908
247220909
247220910
247221412
247221413
247221414
247221415
247221963
247221965
247221966
247221967
247222680
247223719
247223720
247224174
247226554
248709819
248709820
248709821
322544700
322544701
322545456
322545458
322545482
322545564
322545565
322545566
322545567
322545568
322545569
322545570
348152917
348152919
348152922
348152923
348152924
348152926
348152927
348152928
348152930
348152931
348152933
348152934
348152935
348152938
348152940
348152943
348152946
348152949
348152951
348152955
348152957
348152958
348152960
348152961
348152962
348152964
422438779
422438793
422438795
422438797
422438799
422438801
422438803
422438805
422438807
422438809
422438811
422438817
422438819
422438821
422438828
422438830
422438832
422438834
422438836
422438838
422438840
422438842
422438844
422438846
422438848
422438850
422438852
422438856
422438858
422438860
422438862
422438866
422438868
422438880
422438882
422438884
422438886
422438888
422438892
422438893
422438895
422438897
422438901
422438904
422438906
422438907
422438909
422438910
422438911
422438912
422438913
422438919
422438922
422438924
422438927
422438929
422438931
422438933
422438935
422438937
422438939
422438941
422438943
422438945
422438947
422438949
422438951
429450253
429450255
429450257
429450258
429450259
429450261
429450262
429450264
429450266
429450291
429450292
429450293
429450294
429450336
429450337
429450339
429450342
429450344
429450346
429450348
429450350
429450351
443415314
443415316
443415318
443415320
443415322
443415324
443415326
443415328
443415330
443415332
443415334
443415336
443415338
443415339
443415341
443415343
443415346
443415348
443415367
480493590
480493591
561949926
561949937
561949946
561949947
561949952
561949961
561949963
561949968
561949970
561949973
561949977
561949979
561949983
561949988
561949997
561950004
561950010
561950014
561950020
561950023
561950026
561950031
561950035
561950038
561950039
561950046
561950055
561950063
561950065
561950077
561950081
561950108
561950111
561950115
561950117
561950139
561950140
561950141
561950147
561950151
561950158
561950161
561950165
561950169
561950413
561950417
561950424
561950429
561950432
561950436
561950443
561950444
561950449
582992247
582992248
582992249
582992253
582992254
582992256
582992257
582992259
582992260
582992261
595371388
595371399
595703381
595703383
595703384
595703385
595703387
595703452
1071832216
1071832218
1071832221
1071832224
1071832232
1071832234
1150587396
1150587399
1203887406
1203887410
1203887549
1203887552
1203887567
1203887575
1203887576
1210383418
1210383421
1210383429
1210383444
1210383445
1210383449
1210383450
1210383462
1210383464
1210383466
1210383467
1210383469
1210383471
1210383477
1210383482
1210383489
1210383492
1210383496
1210383498
1210383501
1210383502
1210383503
1210383518
1210383531
1210383538
1240900761
1240900765
1240900767
1240900776
1240900783
1240900792
1240900802
1240900820
1240900839
1240900841
1240900843
1240900851
1240900856
1240900861
1240900862
1240900863
1240900882
1240900885
1240900889
1240900896
1240900899
1240900902
1240900916
1240900918
1240900947
1240900950
1240900954
1240900968
1240900978
1240900979
1240900985
1240900992
1240900998
1240901009
1240901012
1240901026
1240901043
1240901046
1240901047
1240901063
1240901079
1240901087
1240901092
1240901104
1240901110
1240901112
1240901113
1240901131
1240901136
1240901153
1240901155
1240901163
1240901184
1240901210
1241129878
1241129885
1241129914
1241129931
1241129939
1241129974
1241129994
1251369609
1251382481
1251382514
1251382517
1283224985
1283224986
1283224989
1283224991
1283224993
1283224994
1283224995
1283224996
1283224998
1283225002
1283225003
1283225005
1283225006
1283225008
1283225010
1283225014
1283225015
1283225016
1283225017
1283225019
1283225020
1283225021
1283225024
1283225025
1283225026
1283225028
1283225030
1283225032
1283225035
1283225037
1283225038
1283225041
1283225043
1283225044
1283225047
1283225049
1283225050
1283225053
1283225055
1283225056
1283225062
1283225068
1283225069
1283225070
1283225076
1283225077
1283225081
1283225082
1283225083
1283225084
1283225085
1283225086
1283225089
1283225091
1283225093
1283225096
1283225099
1283225101
1283225102
1283225105
1283225109
1283225112
1283225113
1283225114
1283225115
1283225116
1283225117
1283225118
1283225120
1283225122
1283225123
1283225124
1283225125
1283225126
1283225127
1283225128
1283225129
1283225130
1283225131
1283225132
1283225133
1283225134
1283225140
1283225142
1283225144
1283225146
1283225147
1283225148
1283225149
1283225150
1283225151
1283225152
1283225153
1283225154
1283225155
1283225156
1283225157
1283225158
1283225159
1283225160
1283225162
1283225163
1283225164
1283225165
1283225167
1283225169
1283225170
1283225171
1283225172
1283225173
1283225174
1283225175
1283225176
1283225177
1283225178
1283225179
1283225180
1283225181
1283225182
1283225183
1283225184
1283225185
1283225186
1283225187
1283225188
1283225189
1283225190
1283225191
1283225192
1283225194
1283225195
1283225198
1283225199
1283225201
1283225202
1283225204
1283225205
1283225206
1283225207
1283225208
1283225209
1283225210
1283225211
1283225212
1283225213
1283225214
1283225215
1283225216
1283225218
1283225219
1283225220
1283225221
1283225222
1283225223
1283225224
1283225225
1283225226
1283225227
1283225228
1283225232
1283225233
1283225234
1283225236
1283225238
1283225239
1283225240
1283225241
1283225242
1283225243
1283225244
1283225245
1283225246
1283225247
1283225248
1283225249
1283225250
1283225251
1283225253
1283225254
1283225256
1283225257
1283225259
1283225261
1283225263
1283225264
1283225265
1283225266
1283225267
1283225269
1283225270
1283225271
1283225272
1283225273
1283225274
1283225275
1283225276
1283225277
1283225279
1283225280
1283225281
1283225282
1283225283
1283225284
1283225287
1283225288
1283225290
1283225291
1283225292
1283225294
1283225295
1283225296
1283225297
1283225298
1283225302
1283225308
1283225309
1283225314
1283225317
1283225318
1283225319
1283225323
1283225324
1283225325
1283225326
1283225327
1283225328
1283225329
1283225330
1283225331
1283225333
1420631950
1420631951
1420631952
1420631953
1420631954
1420631955
1420631956
1420631957
1420631958
1420631959
1420631960
1420631961
1420631962
1420631963
1420631964
1420631965
1420631966
1420631967
1420631968
1420631969
1420631970
1420631971
1420631972
1420631974
1420631975
1420631976
1420631977
1420631978
1420631979
1420631980
1420631981
1420631982
1420631983
1420631984
1420631985
1420631986
1420631987
1420631988
1420631989
1420631990
1420631991
1420631992
1420631993
1420631994
1420631995
1420631996
1420631998
1420631999
1420632000
1420632002
1420632003
1420632005
1420632006
1420632007
1420632010
1420632011
1420632014
1420632015
1420632016
1420632017
1420632019
1420632020
1420632021
1420632022
1420632023
1420632024
1420632025
1420632026
1420632027
1420632028
1420632029
1420632030
1420632031
1420632032
1420632033
1420632034
1420632035
1420632036
1420632037
1420632038
1420632039
1420632040
1420632041
1420632042
1420632043
1420632044
1420632045
1420632046
1420632047
1420632048
1420632049
1420632659
1420632661
1420632663
1420632665
1420632666
1420632667
1420632668
1420632669
1420632670
1420632671
1420632672
1420632673
1420632674
1420632675
1420632676
1420632677
1420632681
1420632682
1420632683
1420632684
1420632685
1420632686
1420632687
1420632688
1420632689
1420632690
1420632691
1420632693
1420632694
1420632695
1420632696
1420632697
1420632698
1420632699
1420632700
1420632702
1420632703
1420632704
1420632705
1420632706
1420632707
1420632708
1420632709
1420632710
1420632711
1420632712
1420632713
1420632714
1420632715
1420632716
1420632717
1420632718
1420632719
1420632720
1420632721
1420632722
1420632723
1420632724
1420632725
1420632726
1420632727
1420632728
1420632730
1420632731
1420632732
1420632733
1420632734
1420632735
1420632736
1420632737
1420632738
1420632739
1420632741
1420632742
1420632743
1420632745
1420632746
1420632747
1420632748
1420632749
1420632750
1420632751
1420632752
1420632753
1420632754
1420632755
1420632756
1420632757
1420632760
1420632761
1420632762
1420632763
1420632764
1420632765
1420632766
1420632767
1420632768
1420632769
1420632770
1420632771
1420632772
1420632773
1420632774
1420632775
1420632776
1420632777
1420632778
1420632785
1420632786
1420632787
1420632788
1420632789
1420632790
1420632791
1420632792
1420632793
1420632796
1420632798
1420632799
1420632800
1420632801
1420632802
1420632803
1420632804
1420632805
1420632807
1420632808
1420632809
1420634172
1420634173
1420634174
1420634175
1420634177
1420634179
1420634187
1420634197
1420634198
1420634199
1420634201
1420634202
1420634203
1420634205
1420634206
1420634207
1420634208
1420634209
1420634211
1420634212
1420634215
1420634216
1420634218
1420634219
1420634226
1420634228
1420634231
1420634232
1420634233
1420634234
1420634235
1420634236
1420634237
1420634238
1420634239
1420634240
1420634241
1420634242
1420634246
1420634249
1420634250
1420634252
1420634258
1420634259
1420634260
1420634261
1420634263
1420634265
1420634266
1420634267
1420634269
1420634276
1420634279
1420634280
1420634283
1420634285
1420634288
1420634289
1420634290
1420634291
1420634292
1420634293
1420634295
1472637710
1472637713
1472637715
1472637716
1472637718
1472637720
1472637722
1472637726
1472637727
1472637729
1472637732
1472637734
1472637736
1472637739
1472637741
1492283429
1492283430
1659428949
1659428988
1659428993
1659429002
1659429066
1659429068
1659429220
1659429255
1659429256
1740891595
1740891596
1825803846
2059303806
2059303807
2059303808
2059303810
2059303811
2059303812
2059303813
2059303814
2059303815
2059303816
2216963375
2216963379
2216963382
2216963387
2216963392
2216963393
2216963432
2216963498
2216963514
2216963516
2216963519
2216963521
2216963524
2216963525
2216963526
2216963529
2216963533
2216963534
2216963538
2216963540
2216963542
2216963546
2216963549
2216963550
2216963552
2216963555
2216963557
2216963559
2216963562
2216963564
2216963566
2216963569
2216963571
2216963574
2216963576
2216963578
2216963581
2216963583
2216963586
2216963589
2216963591
2216963601
2216963603
2216963604
2216963608
2216963610
2216963612
2216963613
2216963614
2216963616
2216963617
2216963618
2216963620
2216963621
2216963622
2216963624
2216963625
2216963626
2216963628
2216963629
2216963630
2216963632
2216963633
2216963634
2216963636
2553978278
2706132484
2706132485
2706132486
2710128038
2710141267
2710141283
2710141328
2710141366
2710141381
2710141406
2710141411
2710141423
2710141436
2710141491
2710141499
2710141527
2710141562
2710141611
2710141676
2710141684
2710141696
2710141705
2710141721
2710141724
2710141733
2710204269
2710204306
3248816562
3248816563
3248816564
3248816568
3248816569
3248816600
3248816601
3248816602
3248816603
3248816604
3248816605
3248816606
3248816607
3248816710
3248816715
3248816716
3248816717
3248816718
3248816719
3248830968
3273820745
3278932262
3278932263
3278932264
3278932265
3278932266
3278932267
3278932268
3278932281
3278932282
3278932284
3278932285
3278932291
3369517439
3369582796
3369582797
3369582841
3369582842
3369582843
3369582844
3369582845
3369582846
3369582847
3369582848
3369582852
3369582854
3369582859
3369582874
3369582876
3369597710
3369597719
3369597722
3369597724
3371135645
3371135652
3377460334
3377460336
3377460337
3377460338
3377460339
3377460340
3377460341
3377460342
3377460343
3377460344
3377460345
3377460346
3377460347
3377460348
3377460350
3377460351
3377460352
3377460353
3377460354
3377460355
3377460356
3377460357
3377460358
3377460359
3377460360
3377460361
3377460362
3377460363
3377460364
3377460365
3377460366
3377460367
3377460368
3377460369
3377460370
3377460371
3377460372
3377460373
3377460374
3377460375
3377460376
3377460377
3377460383
3377460385
3377460386
3377460387
3377460388
3377461205
3377461206
3377461229
3377461230
3377461231
3377461238
3377461240
3377461241
3377461242
3377461243
3377461245
3377461246
3377461248
3377461249
3377461250
3377461251
3377461252
3377461253
3377461254
3377461255
3377461256
3377461258
3377461260
3377461263
3377461265
3377461266
3377461267
3377461268
3377461269
3377461280
3377461281
3377461282
3377461284
3377461285
3377461289
3377461290
3377461291
3377461292
3377461293
3377461294
3377461295
3377461296
3377461297
3377461298
3377461299
3377461300
3377461301
3377461302
3377461303
3377461304
3377461305
3377461306
3377461307
3377461308
3377461309
3377461310
3377461311
3377461312
3377461313
3377461314
3377461315
3377461316
3377461317
3391966027
3391966028
3391966029
3391966030
3391966031
3391966032
3391966033
3391966034
3391966035
3391966036
3391966037
3391966038
3391966039
3391966040
3391966041
3391966042
3391966043
3391966044
3391966045
3391966046
3391966047
3391966048
3477289879
3477289880
3477289881
3602661064
3640807343
3669154880
3669154887
3669209433
3734955717
3809555550
3809555553
3809555554
3809555757
3887910315
3887910318
3887931457
3887931460
3887931463
3887931468
3887931471
3888090550
3898029174
3898029175
3915047680
4254403684
4254403818
4254493431
4254493432
4254493433
4254493452
4254493453
4254493564
4254496020
4254496021
4254496022
4254506580
4254508568
4254508569
4254508859
4254508882
4254509538
4254509539
4254509930
4254510134
4254510172
4254510820
4254510838
4254510839
4254512904
4254513124
4254513125
4254513244
4254513897
4254513898
4254513928
4254513929
4254514108
4254515498
4256630417
4257347439
4257347440
4257347441
4257347442
4257347443
4257347447
4257347449
4257347452
4257347455
4257347460
4257347462
4257347466
4257347467
4257347469
4257347470
4257347472
4257347475
4257347476
4257347478
4257347480
4257347481
4257347482
4257347483
4257347485
4257347486
4257347488
4257351289
4257351291
4257351292
4257351293
4257351296
4257351297
4257351298
4257351299
4257351300
4257351301
4257351302
4257351303
4257351304
4257351305
4257351306
4257351307
4257351308
4257351309
4257351310
4257351311
4257351312
4257351313
4257351314
4257351315
4257351316
4257351317
4257351318
4257351319
4257351320
4257351321
4257351322
4257351323
4257351324
4257351325
4257351326
4257351327
4257351328
4257351329
4257351330
4257351331
4257351332
4257351333
4257351334
4257351335
4257351336
4257351337
4257351338
4257351340
4257351341
4257351342
4257351343
4257351344
4257351345
4257351346
4257351347
4257351348
4257351349
4257351350
4257351351
4257351352
4257351353
4257351354
4257351355
4257351356
4257351357
4257351358
4257351359
4257351360
4257351361
4257351362
4257351363
4257351364
4257351365
4257351366
4257351367
4257351368
4257351369
4257351370
4257351371
4257351372
4257351373
4257351374
4257351375
4257351376
4257351377
4257351378
4257351379
4257351380
4257351381
4257351382
4257351383
4257351384
4257351385
4257351386
4257351387
4257351388
4257351389
4257351390
4257351391
4257351392
4257351393
4257351394
4257351395
4257351396
4257351397
4257351398
4257351399
4257351400
4257351401
4257351402
4257351403
4257351404
4257351405
4257351406
4257351407
4257351408
4257351409
4257351410
4257351411
4257351412
4257351413
4257351414
4257351415
4257949170
4257949171
4257949172
4257949173
4257949174
4257949175
4257949176
4257949177
4257949178
4257949179
4257949180
4257949181
4257949182
4257949183
4257949184
4257949185
4257949186
4257949194
4257949195
4257949196
4257949197
4257949198
4257949199
4257949200
4257949201
4257949202
4257949203
4257949204
4257949205
4257949206
4257949207
4257949208
4257949209
4257949210
4257949211
4257949212
4257949213
4257949214
4257949215
4257949216
4263272982
4263272983
4263272984
4263272985
4263272986
4263272987
4263272988
4263273689
4263273690
4263273691
4263273692
4263273693
4263273694
4263273695
4263273696
4263273697
4263273698
4263273699
4263273700
4263273701
4263273702
4263273703
4263273704
4263273705
4263273706
4263273707
4263273708
4263273709
4263273710
4263273711
4263273712
4263273713
4263273714
4263273715
4263273716
4263273717
4263273718
4263273719
4263273720
4263273721
4263273722
4263273723
4263273724
4263273725
4263273726
4263273727
4263273728
4263273729
4263273730
4263273731
4263273732
4263273733
4263273734
4263273735
4263273736
4263273737
4263273738
4263273739
4263273740
4263273741
4263273742
4263273743
4263273744
4263273745
4263273746
4263273747
4263273748
4263273749
4263273750
4263273752
4263273754
4263273755
4263273756
4263273757
4263273758
4263273759
4263273760
4263273761
4263273762
4263273763
4263273764
4263273765
4263273766
4263273767
4263273768
4263273769
4263273770
4263273771
4263273772
4263273773
4263273774
4263273775
4263273776
4263273777
4263273778
4263273779
4263273780
4263273781
4263273782
4263273783
4263273784
4263273785
4263273786
4263273787
4263273788
4263273789
4263273790
4263273791
4263273792
4263273793
4263273794
4263273795
4263273796
4263273797
4263273798
4263273799
4263273800
4263273801
4263273802
4263273803
4263273804
4263273805
4263273807
4263273808
4263273809
4263273810
4263273811
4263273812
4263273813
4263273814
4263273815
4263273816
4263273817
4263273818
4263273819
4263273820
4263273821
4263273822
4263273823
4263273824
4263273825
4263273826
4263273827
4263273828
4263273829
4263273830
4263273831
4263273832
4263273833
4263273834
4263273835
4263273836
4263273837
4263273838
4263273839
4263273840
4263273841
4263273842
4263273843
4263273844
4263273846
4263273847
4263273848
4263273851
4263273852
4263273853
4263273854
4263273855
4263273856
4263273857
4263273858
4263273859
4263273860
4263273861
4263273862
4263273863
4263273864
4263273865
4263273866
4263273867
4263273868
4263273869
4263273870
4263273871
4263273872
4263273873
4263273874
4263273875
4263273876
4263273877
4263273878
4263273879
4263273880
4263273881
4263273882
4263273883
4263273884
4263273885
4263273886
4263273887
4263273888
4263273889
4263273890
4263273891
4263273892
4263273893
4263273894
4263273895
4263273896
4263273897
4263273898
4263273899
4263273900
4263273901
4263273902
4263273903
4263273905
4263273906
4263273907
4263273908
4263273909
4263273910
4263273911
4263273912
4263273913
4263273914
4263273915
4263273916
4263273917
4263273918
4263273919
4263273920
4263273921
4263273922
4263273923
4263273924
4263273925
4263273926
4263273927
4263273928
4263273929
4263273930
4263273931
4263273932
4263273933
4263273934
4263273935
4263273936
4263273937
4263273938
4263273939
4263273940
4263273941
4263273942
4263273944
4263273945
4263273946
4263273948
4263273949
4263273950
4263273951
4263273952
4263273953
4263273954
4263273955
4263273956
4263273957
4263273958
4263273959
4263273960
4263273961
4263273962
4263273963
4263273964
4263273965
4263273966
4263273967
4263273968
4263273969
4263273970
4263273971
4263273972
4263273973
4263273974
4263273975
4263273976
4263273977
4263273978
4263273979
4263273980
4263273981
4263273983
4263273984
4263273985
4263273986
4263273987
4263273988
4263273990
4263273991
4263273992
4263273993
4263273994
4263273995
4263273996
4263273997
4263273998
4263273999
4263274000
4263274001
4263274002
4263274003
4263274004
4263274006
4263274007
4268635489
4268635490
4268635491
4268635492
4268635493
4268635494
4268635495
4268635496
4268635497
4268635498
4268635500
4268635502
4268635503
4268635504
4268635505
4268635506
4268635507
4268635508
4268635509
4268635510
4268635511
4268635512
4268635513
4268635514
4268635515
4268635516
4268635517
4268635518
4268635519
4268635520
4268635521
4268635522
4268635523
4268635524
4268635525
4268635526
4268635527
4268635529
4268635530
4268635531
4268635532
4268635533
4268635534
4268635535
4268635536
4268635537
4268635538
4268635539
4268635540
4268635541
4268635542
4268635543
4268635544
4268635545
4268635546
4268635547
4268635548
4268635549
4268635550
4268635551
4268635552
4268635553
4268635554
4268635555
4268635556
4268635557
4268635558
4268635559
4268635560
4268635561
4268635562
4268635563
4268635564
4268635565
4268635566
4268635567
4268635568
4268635569
4268635570
4268635571
4268635572
4268635573
4268635574
4268635575
4268635576
4268635577
4268635578
4268635579
4268635580
4268635581
4268635582
4268635583
4268635584
4268635585
4268635586
4268635587
4268635588
4268635789
4268635790
4268635791
4268635792
4268635793
4268635794
4268635795
4268635796
4268635797
4268635798
4268635799
4268635800
4268635801
4268635802
4268635803
4268635804
4268635805
4268635806
4268635807
4268635808
4268635809
4268635811
4268635812
4268635813
4268635814
4268635815
4268635816
4268635817
4268635818
4268635819
4268635820
4268635821
4268635822
4268635823
4268635824
4268635825
4268635826
4268635827
4268635828
4268635829
4268635830
4268635831
4268635832
4268635833
4268635834
4268635835
4268635836
4268635837
4268635838
4268635839
4268635840
4268635841
4268635842
4268635843
4268635844
4268635845
4268635846
4268635847
4268635848
4268635849
4268635850
4268635851
4268635852
4268635853
4268635854
4268635855
4268635856
4268635857
4268635858
4268635859
4268635860
4268635861
4268635862
4268635863
4268635864
4268635865
4268635866
4268635867
4268635868
4268635869
4268635870
4268635872
4268635873
4268635874
4268635875
4268635876
4268635877
4268635878
4268635879
4268635881
4268635882
4268635883
4268635884
4268635885
4268635886
4268635887
4268635888
4268635989
4268635990
4268635991
4268635992
4268635993
4268635994
4268635995
4268635996
4268635997
4268635998
4268635999
4268636000
4268636001
4268636002
4268636003
4268636004
4268636005
4268636006
4268636007
4268636008
4268636009
4268636010
4268636011
4269951750
4269951751
4269951752
4269951753
4269951754
4269951755
4269951756
4269951757
4269951759
4332562555
4332563029
4332563030
4332563032
4332676966
4332676972
4332676975
4332676980
4332676981
4332677089
4332677091
4332677097
4332677099
4332677100
4332677102
4332677105
4332677106
4332677108
4332677109
4332679971
4332679976
4332679981
4332681976
4332681977
4332681978
4332700773
4332700775
4332700786
4332700788
4332700892
4332700895
4332700899
4332700904
4332700906
4332700916
4332700919
4332700922
4332700925
4332700926
4347534773
4347534779
4347534781
4347535691
4347550033
4347550035
4347550043
4347550047
4347550049
4347550050
4347550052
4347550053
4347550060
4347550061
4347550070
4347550075
4347550076
4796245029
4997760239
4997760240
4997760646
4997760647
4997760650
4997760661
4997760662
4997760663
4997760664
4997760665
4997760666
4997760667
4997760668
5025164190
5118031091
5118031092
5118031093
5118031094
5118031095
5118031096
5118031097
5307237639
5307237640
5307237642
5307237643
5307237644
5307238001
5307238002
5307238003
5307238005
5307238006
5307238007
5609546517
5609546518
5609546519
5609546520
5609547121
5609547122
5609547123
5609547124
5609547125
5609547126
5609547127
5609547128
5609547129
5609547130
5609547131
5609547133
5609547134
5622026088
5699048745
5699048746
5699048747
5699048748
5699048749
5699048750
5699048751
5996146313
5996146314
5996146315
5996146316
5996146317
5996146318
5996146320
5996146321
5996146322
5996146323
5996146324
5996146325
5996146326
5996146327
5996146328
5996146329
5996146330
5996146331
5996146332
5996146333
5996146334
6053084650
6053084651
6053084652
6053084653
6053084654
6053084656
6053084657
6053084658
6456605727
6463515503
6463515504
6463515505
6463515506
6463515507
6463515508
6463515509
6463515510
6463515511
6463515512
6463515513
6463515514
6463515516
6463515519
6463515520
6463515521
6463515522
6463515523
6463515524
6463515525
6463515526
6463515527
6463515528
6463515529
6463515530
6463515537
6465822072
6465822073
6465822074
6465822075
6465822076
6465822077
6465822078
6465822079
6465822081
6465822082
6465822083
6465822084
6465823485
6469210525
6710916785
6710916786
6710916787
6710916788
6710916789
6710916791
6710916792
6751794456
6803721675
6929267013
6929267017
7298030152
7298030153
7298030155
7298030156
7298030168
7298030169
7298030170
7373482579
7377084847
7377084854
7377084859
7447580901
7447580907
7447580940
7447580944
7449171492
7449171493
7449171494
7449171495
7449171496
7449171497
7449171498
7449171500
7449171504
7449171577
7449171578
7449177888
7449177889
7449177890
7449177891
7449177892
7449177893
7449177894
7449177895
7449177896
7449177897
7449177898
7449177964
7449177970
7449177971
7449177974
7449177975
7579205570
7579205571
7579205572
7579205573
7579205574
7579205575
7579205576
7579205577
7630577008
7630577009
7630577011
7630577013
7630577015
7630577016
7630577019
7630577021
7630577023
7630577024
7630577025
7630577026
7630577028
7630577029
7630577031
7630577033
7630577034
7630577036
7630577037
7630577039
7630577041
7630577043
7630577045
7630577046
7630577048
7630577050
7630577051
7630577053
7630577054
7630577056
7630577058
7630577060
7630577061
7630577064
7630577065
7630577066
7630577068
7630577070
7630577071
7630577072
7630577073
7630577074
7784826673
7788529767
7797632745
7797632750
7797632755
7797632757
7797632763
7797632766
7797632772
7797632778
7797632779
7797650088
7797650090
7797650093
7797650096
7797650097
7797650100
7802856344
7802856351
7830685372
7837165519
7837165523
7837165526
7837165528
7837165529
7837165532
7837165543
7837165546
7837165558
7837165563
7837165564
7837165565
7837165567
7837165569
7837165573
7837165574
7837165578
7837165580
7837165581
7837165583
7837178985
7837178990
7837178996
7837178998
7850779246
7850779249
7850779251
7850779252
7850779255
7850779256
7850779257
7850779258
7850779259
7850779261
7850779262
7997765627
7997765638
7997766189
7997766195
7998654819
7998654820
7998654829
7998654834
7998654835
7998654842
7998654843
7998654844
7998654848
7998654849
7998654854
7998654855
7998654859
7998654863
7998654864
7998654865
7998654869
7998654870
7998654874
7998654875
7998654876
7998654883
7998654884
7998660985
7998660989
7998660990
7998660991
7998660993
7998660994
7998660999
7998661000
7998661002
7998661003
7998661008
7998661012
7998661013
7998661022
7998661023
7998661032
7998661033
7998661037
7998661038
7998661042
7998661044
7998661046
7998661047
7998661048
7998661052
7998661053
7998661058
7998661059
7998661063
7998661064
7998661068
7998661069
7998661070
7998661074
7998661075
7998661079
7998661080
7998661081
7998661088
7998661089
7998661090
7998661094
7998661095
7998661098
7998661099
7998661104
7998661105
7998661107
7998661108
7998661117
7998661118
7998661127
7998661128
7998661136
7998661139
7998661140
7998661144
7998661145
7998661147
7998661150
7998661151
7998661155
7998661159
7998661160
7998661161
7998661165
7998661166
7998661170
7998661171
7998661172
7998661176
7998661177
7998661181
7998661182
7998661183
7998661187
7998661188
7998661192
7998661193
7998661198
7998661199
7998661201
7998661202
7998661206
7998661209
7998661210
8155719112
8155719113
8155719114
8155719115
8155719116
8155735218
8155735219
8155735220
8155735221
8155735222
8155735223
8155735224
8155735225
8155735226
8155735227
8155735228
8155735229
8155735231
8155735232
8155735233
8155735234
8155735235
8155735236
8155735237
8155735238
8155735239
8155735240
8155735241
8155735242
8155735243
8155735244
8155735245
8155735246
8155735247
8155735248
8155735249
8155735250
8155735251
8155735252
8155735253
8155735254
8155735255
8155735256
8155735257
8155735258
8155735259
8155735260
8155735261
8155735262
8155735263
8155735264
8155735265
8155735266
8155735267
8155735268
8155735269
8155735270
8155735271
8155735272
8155735273
8155735274
8155735275
8155735276
8155735277
8155735278
8155735279
8155735280
8155735281
8155735282
8155735283
8155735285
8155735288
8155735290
8155735291
8155735292
8155735293
8155735294
8155735295
8155735296
8155735297
8155735298
8155735299
8155735300
8155735301
8155735302
8155735303
8155735304
8155735305
8155735306
8155735307
8155735308
8155735309
8155735310
8155735311
8155735312
8155735313
8155735314
8155735315
8155735316
8155735317
8155735318
8155735319
8155735320
8155735321
8155735322
8155735323
8155735324
8155735325
8155735326
8155735327
8156277796
8156277797
8156277798
8156277799
8156277801
8156277802
8156277803
8156277804
8156277805
8156277806
8156277807
8156277808
8156277809
8156277810
8156277811
8156277812
8156277813
8156277814
8156277815
8156277816
8156297817
8156297818
8156297819
8156297820
8156297821
8156297822
8156297823
8156297824
8156297825
8156297826
8195555068
8195555069
8195555070
8195557418
8195557419
8195557420
8195557421
8195557422
8195557423
8195557424
8195557425
8195557426
8195557427
8195557428
8195557429
8195557430
8228142018
8906451666
8906451667
9170842292
9170842293
9170842294
9170842295
9170842296
9170842297
9170842300
9170842301
9170842302
9170842303
9170842304
9170842305
9170842306
9170842307
9170842308
9170842309
9170842310
9170842311
9170842312
9170842313
9170842314
9170842315
9178914797
9403477172
9418170698
9514170160
9531009629
9902453605
9904385869
9906929033
9906929034
9906929035
9906929036
9906929037
9906929038
9906929039
9906929040
9906929041
9906929042
9906929043
9906929044
9906929045
9906929046
9906929047
9906929048
9906929049
9906929055
9906929058
9906929059
9906929060
9906929061
9906929062
9906929063
9906929064
9906929065
9906929081
9906929082
9906929083
9906929084
9906929085
9906929086
9906929087
9906929088
9906929089
9906929090
9906929091
9906929092
9906929093
9906929094
9906929095
9906929096
9906929097
9906929098
9906929099
9906929100
9906929101
9906929102
9906929103
9906929104
9906929105
9906929106
9906929107
9906929108
9906929109
9906929110
9906929111
9906929112
9906929113
9906929114
9906929115
9906929116
9906929117
9906929118
9906929119
9906929120
9906929121
9906929122
9906929123
9906929124
9906929125
9906929126
9906929127
9906929128
9906929129
9906929130
9906929131
9906929132
9906929133
9906929142
9906929143
9906929144
9906929145
9906929149
9906929150
9906929151
9906929155
9907374425
9907374431
9907374432
9907374442
9908336677
9908336678
9908336679
9908336680
9908336681
9908336682
9908336683
9908336684
9908336685
9908336686
9908336687
9908336688
9908336689
9908336690
9908336691
9908336693
9908336694
9908336695
9908336696
9908336697
9908336698
9919271125
9919271126
9919271127
9919271128
10032247688
10032247689
10032247691
10032247693
10032247696
10046249679
10061886132
10061928494
10062624246
10062624247
10170717567
10170717568
10170717569
10170717570
10183978833
10183983942
10183983943
10183983944
10183983945
10183983947
10183983948
10183983949
10183983950
10183983951
10183983952
10183983953
10183983954
10183983955
10183983956
10183983957
10183983958
10183983959
10183983960
10183983961
10183983962
10183983963
10211295977
10211295978
10211295979
10211295980
10225933411
10225933412
10247907363
10247907364
10247907365
10247907366
10247907367
10247907368
10247907369
10247907370
10247919963
10647738369
10902501703
10902501704
11306314262
11306314265
11359481057
11359481059
11359523974
11359523975
11359523977
11359523978
11359523979
11359523980
11359523981
11359523982
11359523983
11359523984
11359523985
11359523986
11359523987
11359523988
11359523989
11359523990
11359523991
11359523992
11359523993
11359524044
11359524045
11359524133
11359524134
11359524135
11359524136
11359524137
11359524138
11359524172
11359524173
11359524174
11359524175
11359524176
11359524178
11359524186
11359524198
11359524199
11359524200
11359524201
11359524208
11359524209
11359524210
11359524211
11359524212
11359524214
11359524239
11359524240
11359524241
11359524242
11359524280
11359524281
11359524282
11359524283
11359524284
11359524285
11359524286
11359524287
11359524288
11359524289
11359524290
11359524291
11359524329
11359524330
11359524331
11359524332
11359524333
11359524334
11359524335
11359524336
11359524337
11359524338
11359524339
11359524340
11359524341
11359524342
11359524343
11359524344
11359524348
11359524383
11359524384
11359524385
11359524386
11359524387
11359524388
11359524389
11359524390
11359524391
11359524392
11359524393
11359524394
11359524395
11359524396
11359524397
11359524398
11359524402
11359524403
11359524404
11359524405
11359524406
11359524407
11359524408
11359524409
11359524458
11359524459
11392826361
11392826362
11439239338
11439239339
11439239340
11439239341
11439239343
11439239345
11439239346
11440193698
11440193699
11440193700
11440193701
11440193702
11440193703
11440193704
11440193705
11440193706
11440193707
11440193708
11440193709
11440193710
11440193711
11440193712
11440193713
11440193714
11440193715
11440193716
11440193717
11440193718
11440193719
11440193720
11440193721
11440193722
11440193723